0 0.447813 0.460938 0.046500 0.041875
0 0.595125 0.528715 0.048922 0.060597
0 0.839027 0.618604 0.091758 0.080875
0 0.499820 0.556868 0.065250 0.073042
0 0.491508 0.462472 0.038531 0.040222
0 0.626020 0.499549 0.052102 0.053181
0 0.440617 0.581764 0.052109 0.067083
0 0.342871 0.543014 0.040086 0.067778
0 0.722699 0.549736 0.064523 0.072750
0 0.532348 0.678188 0.070008 0.112236
0 0.353422 0.470556 0.048797 0.068889
0 0.287539 0.593056 0.070078 0.178611
0 0.248176 0.518208 0.041930 0.083583
0 0.971449 0.712903 0.057102 0.097528
0 0.834699 0.555528 0.078805 0.063583
0 0.515430 0.437535 0.045766 0.035847
0 0.431559 0.425528 0.032867 0.034056
0 0.364504 0.437382 0.035836 0.033597
0 0.379914 0.425938 0.027453 0.027625
0 0.325965 0.419285 0.028336 0.026431
0 0.286754 0.404750 0.026102 0.025139
0 0.254523 0.456896 0.030453 0.036708
0 0.244215 0.433458 0.036820 0.033750
0 0.207430 0.398882 0.031641 0.026319
0 0.176004 0.393361 0.019867 0.017444
