0 0.456187 0.604014 0.051344 0.077194
0 0.774734 0.870417 0.118641 0.148306
0 0.576258 0.483083 0.050875 0.052889
0 0.700340 0.598917 0.066695 0.071306
0 0.267227 0.587076 0.047422 0.076542
0 0.850840 0.694007 0.089523 0.083181
0 0.409402 0.675194 0.059086 0.113833
0 0.284801 0.684444 0.060633 0.112778
0 0.340656 0.545000 0.051359 0.066111
0 0.521508 0.659299 0.071312 0.121403
0 0.877773 0.645674 0.082687 0.071264
0 0.246949 0.915243 0.098727 0.169514
0 0.362895 0.433958 0.033898 0.032917
0 0.674191 0.960271 0.118320 0.079458
0 0.598199 0.464819 0.031539 0.037222
0 0.421852 0.547535 0.055453 0.069125
0 0.236609 0.520903 0.036937 0.060111
0 0.263957 0.486187 0.037070 0.042597
0 0.229328 0.453590 0.039406 0.034931
0 0.241035 0.409917 0.032930 0.026417
0 0.265125 0.396479 0.021094 0.020931
0 0.210437 0.402111 0.019281 0.026611
0 0.176520 0.395090 0.016414 0.016542
0 0.226273 0.390000 0.023188 0.029000
0 0.494559 0.554076 0.049008 0.056042
0 0.444613 0.462958 0.038945 0.029806
0 0.459082 0.448792 0.028055 0.037500
0 0.488387 0.437694 0.034320 0.043667
0 0.715336 0.513646 0.055375 0.059792
0 0.371711 0.409007 0.030734 0.026847
0 0.313867 0.415049 0.029781 0.041597
