0 0.866848 0.720812 0.096039 0.097514
0 0.560852 0.510090 0.048672 0.048569
0 0.289469 0.501903 0.037484 0.041806
0 0.227262 0.470313 0.069102 0.060264
0 0.733242 0.622715 0.071953 0.071819
0 0.654926 0.517458 0.050930 0.041306
0 0.779273 0.545604 0.044672 0.039958
0 0.745027 0.559569 0.055695 0.054778
0 0.396125 0.691528 0.059344 0.093444
0 0.240484 0.466326 0.041906 0.049708
0 0.502387 0.554028 0.049195 0.056472
0 0.267316 0.539250 0.040164 0.069194
0 0.662613 0.493312 0.046055 0.026403
0 0.218031 0.399243 0.031281 0.028125
0 0.222656 0.426958 0.033000 0.026778
0 0.357215 0.419236 0.028367 0.026389
0 0.347867 0.433833 0.035078 0.030444
0 0.439008 0.444021 0.033422 0.032653
0 0.505953 0.454590 0.120375 0.147208
0 0.428840 0.502903 0.044508 0.055889
0 0.369637 0.512785 0.050211 0.062014
0 0.452094 0.959069 0.117031 0.081861
0 0.620637 0.550562 0.052273 0.055542
