0 0.443539 0.502944 0.049437 0.066778
0 0.663168 0.965132 0.110852 0.069736
0 0.873812 0.931986 0.148781 0.136028
0 0.345633 0.422069 0.032516 0.026917
0 0.370480 0.587653 0.048883 0.076750
0 0.426203 0.433410 0.024469 0.035069
0 0.401004 0.682972 0.060992 0.126000
0 0.467348 0.445924 0.040352 0.036014
0 0.496535 0.628722 0.063336 0.102194
0 0.628617 0.511639 0.052250 0.049778
0 0.649180 0.568153 0.057891 0.048806
0 0.379891 0.478312 0.039156 0.037653
0 0.375949 0.521431 0.043320 0.048861
0 0.332430 0.484750 0.040406 0.046750
0 0.256270 0.478458 0.037148 0.045861
0 0.249512 0.448688 0.032742 0.033736
0 0.542695 0.458042 0.048141 0.045222
0 0.466711 0.422653 0.033297 0.024583
0 0.296891 0.417389 0.030750 0.026667
0 0.263941 0.415125 0.021555 0.023583
0 0.237922 0.402083 0.017188 0.015139
0 0.219133 0.406319 0.016484 0.016667
0 0.189992 0.393264 0.015859 0.015556
0 0.174445 0.397500 0.014453 0.014583
0 0.407691 0.429139 0.018055 0.038056
0 0.351344 0.404222 0.022812 0.022083
0 0.531930 0.582438 0.054031 0.063903
0 0.766156 0.640681 0.077375 0.088306
0 0.597602 0.826569 0.094047 0.139778
0 0.920125 0.651618 0.100234 0.102764
0 0.703902 0.503556 0.056852 0.056694
0 0.308668 0.521285 0.039961 0.057486
0 0.544996 0.502125 0.044727 0.050056
0 0.657918 0.699174 0.088586 0.113542
