0 0.258871 0.543250 0.041852 0.093222
0 0.709703 0.551840 0.060687 0.062014
0 0.821996 0.559021 0.068773 0.055764
0 0.778430 0.655236 0.084578 0.071583
0 0.567648 0.498556 0.055547 0.091250
0 0.682031 0.497563 0.052500 0.052875
0 0.565293 0.478840 0.051898 0.052153
0 0.955594 0.604542 0.060469 0.071000
0 0.183711 0.397125 0.021578 0.018389
0 0.188125 0.434896 0.035312 0.059375
0 0.212805 0.392833 0.032609 0.021139
0 0.247754 0.401826 0.028867 0.025569
0 0.282859 0.403458 0.028453 0.022444
0 0.301078 0.421069 0.023984 0.022444
0 0.364543 0.413000 0.020164 0.024306
0 0.389051 0.430438 0.031898 0.033153
0 0.344531 0.432722 0.025703 0.028306
0 0.321527 0.479431 0.041148 0.034361
0 0.275555 0.490792 0.038328 0.043833
0 0.373738 0.511396 0.045305 0.050181
0 0.507328 0.425681 0.101375 0.089583
0 0.254328 0.947347 0.096109 0.105306
0 0.626695 0.874083 0.114266 0.188417
0 0.468266 0.969424 0.105438 0.061153
0 0.652008 0.438806 0.124578 0.093722
0 0.425113 0.560611 0.052336 0.075167
0 0.301055 0.652813 0.051656 0.098542
0 0.332496 0.538382 0.043039 0.065181
0 0.803813 0.507451 0.066281 0.049542
