0 0.255277 0.405278 0.023430 0.024750
0 0.232586 0.399861 0.016203 0.021639
0 0.190703 0.393951 0.019453 0.022514
0 0.562617 0.487014 0.043828 0.045750
0 0.568344 0.447194 0.040859 0.035639
0 0.639145 0.561507 0.038602 0.050625
0 0.273965 0.839493 0.085648 0.135764
0 0.874926 0.697778 0.079148 0.081972
0 0.507133 0.464465 0.040359 0.037986
0 0.423809 0.421687 0.037070 0.034153
0 0.668086 0.521965 0.043828 0.044931
0 0.239656 0.521167 0.040266 0.063167
0 0.307414 0.529340 0.047016 0.072653
0 0.345711 0.492882 0.042359 0.044181
0 0.599145 0.642167 0.072227 0.090944
0 0.431652 0.899799 0.098570 0.200403
0 0.336316 0.426819 0.023305 0.027528
0 0.382117 0.627375 0.050766 0.083583
0 0.830715 0.612056 0.071617 0.062139
0 0.853082 0.942514 0.107055 0.108250
0 0.344363 0.409688 0.020336 0.020708
0 0.295895 0.465889 0.043508 0.045806
