0 0.748547 0.577972 0.070609 0.064361
0 0.372258 0.478785 0.038172 0.034792
0 0.433098 0.508562 0.048805 0.061347
0 0.431137 0.570118 0.033383 0.061764
0 0.387531 0.633097 0.080750 0.190389
0 0.919133 0.543424 0.070016 0.042597
0 0.735027 0.799153 0.116883 0.188500
0 0.913605 0.592431 0.082945 0.056250
0 0.737738 0.494347 0.051555 0.055472
0 0.293238 0.778486 0.072430 0.150000
0 0.402137 0.415167 0.031805 0.029722
0 0.260434 0.409750 0.030742 0.031194
0 0.289816 0.439486 0.040367 0.040167
0 0.195570 0.390910 0.023719 0.025403
0 0.214203 0.404153 0.021297 0.023028
0 0.333816 0.486021 0.042555 0.046042
0 0.322051 0.417250 0.041477 0.034167
0 0.251699 0.551090 0.041086 0.049458
0 0.292254 0.506646 0.039008 0.062097
0 0.328020 0.541375 0.038570 0.062972
0 0.508844 0.566375 0.054641 0.063167
0 0.897281 0.460250 0.070922 0.064389
0 0.301063 0.596229 0.042797 0.074347
0 0.260750 0.455285 0.033438 0.035347
0 0.260676 0.487014 0.035695 0.039889
0 0.544289 0.733528 0.073797 0.110306
