0 0.528711 0.726479 0.068359 0.103097
0 0.575605 0.480167 0.052039 0.051056
0 0.482926 0.471910 0.041492 0.029542
0 0.386320 0.626479 0.060344 0.094069
0 0.850078 0.562396 0.061766 0.079153
0 0.718422 0.604090 0.064609 0.080347
0 0.591023 0.523118 0.037328 0.045514
0 0.780293 0.421972 0.035086 0.046278
0 0.410113 0.435340 0.026492 0.027958
0 0.374535 0.440708 0.034711 0.032306
0 0.184945 0.389319 0.018828 0.024306
0 0.212176 0.405042 0.026570 0.030528
0 0.249875 0.397431 0.025703 0.023750
0 0.265617 0.484632 0.040953 0.049069
0 0.258324 0.553736 0.038820 0.060806
0 0.347258 0.490076 0.045016 0.058181
0 0.456227 0.519222 0.050031 0.063028
0 0.816516 0.922993 0.149812 0.154014
0 0.427918 0.936181 0.116852 0.127639
0 0.480848 0.440597 0.037055 0.039639
0 0.455562 0.589903 0.058625 0.075750
0 0.276934 0.602410 0.046836 0.072125
0 0.613719 0.476444 0.036594 0.034639
0 0.785410 0.561993 0.099039 0.095264
0 0.306184 0.413299 0.020102 0.019597
