0 0.377590 0.412618 0.023539 0.026069
0 0.447281 0.573403 0.053781 0.065833
0 0.397578 0.657521 0.069687 0.137236
0 0.929129 0.608486 0.083602 0.075306
0 0.676910 0.580743 0.062211 0.066819
0 0.522504 0.693181 0.066523 0.116250
0 0.682719 0.721694 0.086203 0.128083
0 0.811191 0.676153 0.085023 0.082917
0 0.590656 0.531840 0.050375 0.052986
0 0.610254 0.476153 0.050336 0.055750
0 0.282738 0.777764 0.078508 0.160861
0 0.896848 0.960694 0.160055 0.078611
0 0.663152 0.474514 0.043758 0.035417
0 0.546352 0.582819 0.071875 0.101306
0 0.498164 0.484181 0.045328 0.048639
0 0.536359 0.436708 0.038781 0.034944
0 0.443984 0.466611 0.036859 0.035861
0 0.471312 0.427979 0.045969 0.043347
0 0.285660 0.634847 0.045992 0.068444
0 0.275285 0.591313 0.041492 0.060458
0 0.330047 0.547194 0.042781 0.063500
0 0.237445 0.523431 0.036828 0.052472
0 0.341273 0.494146 0.040422 0.049431
0 0.345445 0.466007 0.037219 0.033458
0 0.391566 0.446062 0.032805 0.029569
0 0.381551 0.426653 0.030898 0.027194
0 0.979398 0.580125 0.041125 0.071694
0 0.314434 0.416389 0.028164 0.026972
0 0.200289 0.476472 0.035359 0.050722
0 0.240402 0.464451 0.034773 0.042014
0 0.263160 0.448535 0.039773 0.038847
0 0.264465 0.411764 0.022352 0.026250
0 0.213457 0.438201 0.034258 0.029736
0 0.237961 0.401535 0.024031 0.025319
0 0.190609 0.397403 0.017078 0.021389
0 0.171383 0.392618 0.013938 0.015347
0 0.674941 0.963194 0.108195 0.073611
0 0.936516 0.692208 0.085641 0.076556
