0 0.559059 0.775174 0.082117 0.124764
0 0.825617 0.553174 0.072453 0.071042
0 0.765852 0.602361 0.068687 0.075500
0 0.835090 0.689382 0.090305 0.084542
0 0.485961 0.466681 0.033984 0.043111
0 0.555629 0.460847 0.035242 0.038972
0 0.282715 0.652715 0.056102 0.099875
0 0.323359 0.515882 0.047531 0.090819
0 0.502848 0.649896 0.069930 0.107847
0 0.245195 0.468882 0.037844 0.045958
0 0.352063 0.438153 0.024984 0.019639
0 0.396699 0.429840 0.020930 0.020986
0 0.474445 0.467375 0.056922 0.043306
0 0.228203 0.930972 0.096094 0.138056
0 0.428488 0.948660 0.112289 0.102681
0 0.204961 0.395958 0.034922 0.026528
0 0.275383 0.406174 0.020172 0.020986
0 0.304508 0.402958 0.027234 0.024167
0 0.323242 0.421764 0.029359 0.029056
0 0.384078 0.485326 0.042625 0.047319
0 0.262828 0.548958 0.041812 0.065667
0 0.634258 0.469465 0.042812 0.047514
0 0.615449 0.504639 0.050242 0.056361
0 0.971453 0.722931 0.057094 0.086000
