0 0.408344 0.450368 0.027547 0.035819
0 0.990824 0.642319 0.018023 0.057972
0 0.438078 0.582187 0.048578 0.062819
0 0.623305 0.679708 0.078016 0.101861
0 0.292566 0.503799 0.040148 0.049764
0 0.552844 0.472118 0.052297 0.055625
0 0.262273 0.898542 0.121719 0.191667
0 0.778332 0.642958 0.087617 0.117111
0 0.842543 0.615944 0.072773 0.069472
0 0.616543 0.497646 0.051570 0.059653
0 0.736105 0.518403 0.052773 0.050639
0 0.700043 0.537701 0.057023 0.058625
0 0.476270 0.632667 0.059898 0.081889
0 0.230445 0.468243 0.033953 0.038236
0 0.329594 0.539500 0.045031 0.062889
0 0.543992 0.583771 0.057547 0.081403
0 0.662137 0.470854 0.047648 0.041347
0 0.462117 0.520104 0.052266 0.068208
0 0.379113 0.514000 0.044430 0.061667
0 0.385645 0.485111 0.038648 0.043139
0 0.274410 0.463299 0.036789 0.037181
0 0.324691 0.446375 0.040852 0.045389
0 0.516457 0.433118 0.044711 0.042208
0 0.464547 0.454424 0.034797 0.033347
0 0.373402 0.441660 0.031242 0.034181
0 0.345512 0.422826 0.019977 0.024458
0 0.236844 0.444674 0.033422 0.030931
0 0.269918 0.437063 0.034383 0.026514
0 0.267203 0.414708 0.016484 0.017361
0 0.300328 0.405819 0.022422 0.021528
0 0.228910 0.407382 0.021414 0.021597
0 0.255516 0.402271 0.023172 0.023292
0 0.199500 0.404174 0.013594 0.012097
0 0.189461 0.402812 0.005703 0.008069
0 0.183797 0.401917 0.005312 0.007639
0 0.284805 0.630306 0.060547 0.113000
