0 0.326355 0.416861 0.034852 0.035861
0 0.762918 0.409319 0.037430 0.050444
0 0.772852 0.652861 0.078312 0.090583
0 0.635223 0.557438 0.058961 0.051931
0 0.814422 0.519597 0.059906 0.057917
0 0.768801 0.568944 0.067367 0.067306
0 0.608117 0.889674 0.110719 0.182292
0 0.266098 0.408924 0.025773 0.023847
0 0.241172 0.408576 0.021734 0.024069
0 0.192219 0.396069 0.016500 0.022694
0 0.307770 0.468910 0.039086 0.041736
0 0.274738 0.489243 0.036430 0.040236
0 0.237391 0.532528 0.037500 0.047111
0 0.427363 0.437132 0.041680 0.038542
0 0.397262 0.450486 0.036852 0.035667
0 0.596109 0.461764 0.034406 0.047778
0 0.966055 0.708889 0.067891 0.070000
0 0.556945 0.466042 0.055016 0.060417
0 0.497332 0.480243 0.042758 0.041042
0 0.275813 0.706042 0.062688 0.097361
0 0.379859 0.614382 0.060422 0.090819
0 0.479469 0.613375 0.064625 0.089639
0 0.271941 0.832722 0.080508 0.161889
0 0.686523 0.742688 0.090188 0.116347
0 0.462691 0.949444 0.114289 0.095083
